%YAML:1.0
---
model_type: PINHOLE
camera_name: camera
image_width: 640
image_height: 480
distortion_parameters:
   k1: 0.0
   k2: 0.0
   p1: 0.0
   p2: 0.0
projection_parameters:
   fx: 378.7210693359375
   fy: 378.7210693359375
   cx: 324.4961853027344
   cy: 239.1063690185547
